 50 24 24 40.49 43.46 46.35 95968 0.00 0.00 0.00     0 39.26 42.96 45.81 36837     0 19.380
 50 24 24 40.49 43.46 46.35 95968 0.00 0.00 0.00     0 39.26 42.96 45.81 36837     0 19.440
 50 28 28 37.96 41.56 44.24 62832 0.00 0.00 0.00     0 37.03 41.11 43.80 20808     0 17.241
 50 32 32 35.50 40.31 42.74 40928 0.00 0.00 0.00     0 34.64 39.91 42.25 12044     0 15.137
 50 24 24 39.15 40.24 40.26 287856 0.00 0.00 0.00     0 37.10 39.39 39.20 142819     0 22.400
 50 28 28 35.66 37.55 37.42 217168 0.00 0.00 0.00     0 33.88 36.88 36.60 95869     0 21.032
 50 32 32 32.05 35.77 35.51 158048 0.00 0.00 0.00     0 30.58 35.20 34.80 59498     0 19.500
 50 24 24 38.84 46.18 47.38 164568 0.00 0.00 0.00     0 37.03 45.55 46.57 89688     0 25.915
 50 28 28 35.47 44.52 45.74 111696 0.00 0.00 0.00     0 34.16 43.90 44.64 54565     0 24.263
 50 32 32 32.53 43.30 44.57 69256 0.00 0.00 0.00     0 31.43 42.64 43.38 29685     0 21.880
 50 24 24 40.30 41.96 41.96 187176 0.00 0.00 0.00     0 38.17 40.94 41.06 97705     0 21.130
 50 28 28 37.06 39.27 39.32 137400 0.00 0.00 0.00     0 35.10 38.67 38.68 63802     0 19.618
 50 32 32 33.73 37.62 37.55 97712 0.00 0.00 0.00     0 31.92 37.07 36.96 38905     0 17.920
 50 24 24 39.45 40.66 41.14 151992 0.00 0.00 0.00     0 38.40 39.08 39.81 57451     0 16.585
 50 28 28 36.42 38.56 39.34 96120 0.00 0.00 0.00     0 35.85 37.96 38.95 26422     0 14.445
 50 28 28 36.94 38.30 39.28 180472 0.00 0.00 0.00     0 34.99 37.55 38.64 76243     0 17.355
 50 28 28 35.85 40.89 41.48 133888 0.00 0.00 0.00     0 34.47 40.27 41.56 68947     0 25.449
 50 28 28 37.45 39.80 40.77 91048 0.00 0.00 0.00     0 37.45 40.67 41.83 47386     0 25.923
 50 28 28 36.80 39.67 39.85 137888 0.00 0.00 0.00     0 35.88 39.30 39.49 29220     0 15.368
